Number of processors: 4
Size of array: 100
Time Taken: 0.000000
1 1 1 1 1 1 1 1 1 1 1 1 1 1 1 1 1 1 1 1 1 1 1 1 1 1 1 1 1 1 1 1 1 1 1 1 1 1 1 1 1 1 1 1 1 1 1 1 1 1 1 1 1 1 1 1 1 1 1 1 1 1 1 1 1 1 1 1 1 1 1 1 1 1 1 1 1 1 1 1 1 1 1 1 1 1 1 1 1 1 1 1 1 1 1 1 1 1 1 1 
1.000000 0.996478 0.992975 0.989511 0.986104 0.982771 0.979530 0.976394 0.973378 0.970491 0.967746 0.965148 0.962703 0.960416 0.958287 0.956317 0.954504 0.952845 0.951335 0.949968 0.948737 0.947636 0.946656 0.945787 0.945023 0.944354 0.943772 0.943268 0.942833 0.942462 0.942145 0.941877 0.941651 0.941462 0.941305 0.941175 0.941067 0.940979 0.940908 0.940850 0.940803 0.940766 0.940736 0.940713 0.940694 0.940679 0.940668 0.940659 0.940652 0.940647 0.940642 0.940639 0.940636 0.940633 0.940631 0.940628 0.940625 0.940621 0.940617 0.940611 0.940604 0.940594 0.940582 0.940567 0.940547 0.940522 0.940489 0.940448 0.940396 0.940330 0.940248 0.940144 0.940014 0.939852 0.939650 0.939400 0.939090 0.938707 0.938233 0.937647 0.936925 0.936033 0.934931 0.933565 0.931870 0.929756 0.927107 0.923761 0.919494 0.913983 0.906745 0.897025 0.883571 0.864165 0.834509 0.785347 0.694135 0.498239 0.000000 1.000000 
1.000000 0.992975 0.985989 0.979080 0.972285 0.965638 0.959173 0.952919 0.946902 0.941146 0.935669 0.930488 0.925612 0.921050 0.916804 0.912876 0.909260 0.905950 0.902938 0.900212 0.897758 0.895561 0.893605 0.891874 0.890350 0.889016 0.887854 0.886849 0.885982 0.885241 0.884610 0.884075 0.883625 0.883248 0.882934 0.882674 0.882460 0.882285 0.882142 0.882027 0.881934 0.881859 0.881800 0.881753 0.881715 0.881686 0.881664 0.881646 0.881632 0.881621 0.881612 0.881605 0.881600 0.881594 0.881589 0.881584 0.881578 0.881571 0.881562 0.881551 0.881536 0.881518 0.881494 0.881463 0.881424 0.881374 0.881310 0.881229 0.881125 0.880996 0.880832 0.880627 0.880371 0.880051 0.879653 0.879160 0.878548 0.877793 0.876860 0.875708 0.874288 0.872537 0.870375 0.867702 0.864389 0.860268 0.855116 0.848634 0.840409 0.829855 0.816120 0.797913 0.773207 0.738675 0.688600 0.612802 0.492995 0.298840 0.000000 1.000000 
1.000000 0.989511 0.979080 0.968764 0.958617 0.948693 0.939040 0.929701 0.920718 0.912123 0.903946 0.896209 0.888930 0.882117 0.875779 0.869912 0.864513 0.859572 0.855075 0.851004 0.847340 0.844060 0.841140 0.838555 0.836280 0.834287 0.832553 0.831051 0.829758 0.828651 0.827708 0.826910 0.826238 0.825675 0.825206 0.824818 0.824499 0.824237 0.824024 0.823852 0.823713 0.823601 0.823513 0.823442 0.823387 0.823343 0.823309 0.823283 0.823262 0.823246 0.823233 0.823223 0.823214 0.823206 0.823198 0.823191 0.823182 0.823171 0.823158 0.823141 0.823120 0.823093 0.823058 0.823013 0.822955 0.822881 0.822787 0.822667 0.822516 0.822325 0.822084 0.821783 0.821406 0.820937 0.820354 0.819631 0.818736 0.817630 0.816266 0.814586 0.812516 0.809968 0.806829 0.802957 0.798172 0.792242 0.784864 0.775633 0.764006 0.749233 0.730257 0.705557 0.672895 0.628916 0.568565 0.484382 0.366278 0.204164 0.000000 1.000000 
1.000000 0.986104 0.972285 0.958617 0.945175 0.932027 0.919238 0.906866 0.894964 0.883578 0.872745 0.862496 0.852851 0.843827 0.835428 0.827657 0.820504 0.813958 0.807999 0.802607 0.797752 0.793407 0.789538 0.786114 0.783099 0.780460 0.778162 0.776173 0.774460 0.772993 0.771744 0.770687 0.769797 0.769051 0.768430 0.767916 0.767493 0.767146 0.766864 0.766635 0.766451 0.766304 0.766186 0.766093 0.766020 0.765962 0.765917 0.765882 0.765855 0.765833 0.765816 0.765802 0.765791 0.765780 0.765771 0.765760 0.765748 0.765735 0.765718 0.765696 0.765668 0.765633 0.765587 0.765529 0.765454 0.765358 0.765235 0.765080 0.764883 0.764636 0.764324 0.763934 0.763446 0.762839 0.762086 0.761152 0.759998 0.758574 0.756820 0.754663 0.752011 0.748754 0.744752 0.739832 0.733776 0.726307 0.717067 0.705592 0.691272 0.673291 0.650549 0.621547 0.584231 0.535808 0.472588 0.390052 0.283685 0.151595 0.000000 1.000000 
1.000000 0.982771 0.965638 0.948693 0.932027 0.915726 0.899870 0.884531 0.869775 0.855658 0.842228 0.829519 0.817563 0.806373 0.795962 0.786326 0.777458 0.769342 0.761955 0.755269 0.749251 0.743863 0.739068 0.734822 0.731085 0.727812 0.724964 0.722497 0.720374 0.718555 0.717007 0.715696 0.714592 0.713668 0.712898 0.712261 0.711736 0.711306 0.710956 0.710673 0.710445 0.710262 0.710116 0.710001 0.709910 0.709839 0.709783 0.709739 0.709705 0.709679 0.709658 0.709641 0.709626 0.709614 0.709602 0.709589 0.709575 0.709558 0.709537 0.709511 0.709478 0.709435 0.709379 0.709309 0.709218 0.709102 0.708954 0.708766 0.708529 0.708230 0.707854 0.707384 0.706797 0.706068 0.705163 0.704042 0.702660 0.700957 0.698863 0.696293 0.693143 0.689283 0.684557 0.678769 0.671678 0.662981 0.652295 0.639135 0.622881 0.602734 0.577665 0.546350 0.507108 0.457863 0.396219 0.319777 0.226963 0.118607 0.000000 1.000000 
1.000000 0.979530 0.959173 0.939040 0.919238 0.899870 0.881030 0.862805 0.845273 0.828501 0.812542 0.797444 0.783236 0.769943 0.757572 0.746124 0.735587 0.725945 0.717168 0.709224 0.702073 0.695673 0.689975 0.684931 0.680490 0.676603 0.673218 0.670288 0.667764 0.665604 0.663765 0.662207 0.660896 0.659798 0.658883 0.658126 0.657503 0.656992 0.656576 0.656240 0.655969 0.655751 0.655578 0.655441 0.655333 0.655249 0.655182 0.655131 0.655090 0.655059 0.655034 0.655014 0.654997 0.654982 0.654967 0.654953 0.654936 0.654917 0.654893 0.654862 0.654824 0.654774 0.654711 0.654629 0.654524 0.654390 0.654220 0.654004 0.653731 0.653387 0.652956 0.652417 0.651745 0.650910 0.649875 0.648596 0.647021 0.645084 0.642707 0.639798 0.636240 0.631896 0.626597 0.620137 0.612264 0.602666 0.590960 0.576673 0.559216 0.537862 0.511714 0.479691 0.440515 0.392762 0.335007 0.266144 0.185965 0.095959 0.000000 1.000000 
1.000000 0.976394 0.952919 0.929701 0.906866 0.884531 0.862805 0.841789 0.821572 0.802229 0.783827 0.766415 0.750033 0.734702 0.720437 0.707234 0.695085 0.683965 0.673845 0.664683 0.656438 0.649057 0.642487 0.636670 0.631550 0.627066 0.623164 0.619784 0.616875 0.614384 0.612263 0.610467 0.608955 0.607689 0.606635 0.605761 0.605043 0.604454 0.603974 0.603586 0.603274 0.603023 0.602824 0.602666 0.602541 0.602443 0.602367 0.602307 0.602261 0.602225 0.602196 0.602173 0.602154 0.602136 0.602120 0.602103 0.602085 0.602063 0.602036 0.602002 0.601959 0.601904 0.601833 0.601742 0.601625 0.601476 0.601287 0.601047 0.600745 0.600363 0.599886 0.599289 0.598546 0.597624 0.596484 0.595078 0.593348 0.591225 0.588627 0.585454 0.581588 0.576883 0.571167 0.564232 0.555828 0.545648 0.533329 0.518429 0.500418 0.478668 0.452440 0.420894 0.383114 0.338180 0.285319 0.224144 0.155006 0.079369 0.000000 1.000000 
1.000000 0.973378 0.946902 0.920718 0.894964 0.869775 0.845273 0.821572 0.798770 0.776957 0.756202 0.736567 0.718090 0.700801 0.684712 0.669824 0.656121 0.643582 0.632167 0.621837 0.612537 0.604214 0.596804 0.590245 0.584470 0.579415 0.575013 0.571203 0.567921 0.565112 0.562720 0.560695 0.558990 0.557562 0.556373 0.555389 0.554578 0.553914 0.553373 0.552936 0.552583 0.552301 0.552076 0.551898 0.551757 0.551647 0.551561 0.551494 0.551442 0.551401 0.551369 0.551343 0.551321 0.551302 0.551284 0.551265 0.551245 0.551221 0.551192 0.551155 0.551108 0.551048 0.550971 0.550873 0.550746 0.550586 0.550381 0.550122 0.549795 0.549384 0.548870 0.548229 0.547431 0.546442 0.545221 0.543718 0.541872 0.539614 0.536856 0.533499 0.529420 0.524476 0.518496 0.511277 0.502576 0.492110 0.479540 0.464474 0.446451 0.424950 0.399385 0.369131 0.333559 0.292110 0.244415 0.190461 0.130782 0.066632 0.000000 1.000000 
1.000000 0.970491 0.941146 0.912123 0.883578 0.855658 0.828501 0.802229 0.776957 0.752778 0.729775 0.708010 0.687532 0.668368 0.650537 0.634033 0.618847 0.604947 0.592297 0.580846 0.570540 0.561313 0.553101 0.545831 0.539431 0.533827 0.528950 0.524726 0.521090 0.517976 0.515326 0.513081 0.511191 0.509608 0.508291 0.507200 0.506301 0.505565 0.504966 0.504481 0.504091 0.503778 0.503529 0.503331 0.503176 0.503053 0.502958 0.502884 0.502826 0.502781 0.502745 0.502716 0.502693 0.502672 0.502652 0.502632 0.502610 0.502585 0.502554 0.502515 0.502465 0.502401 0.502320 0.502215 0.502082 0.501911 0.501695 0.501422 0.501077 0.500645 0.500104 0.499430 0.498593 0.497557 0.496281 0.494712 0.492791 0.490444 0.487588 0.484120 0.479923 0.474855 0.468753 0.461422 0.452639 0.442143 0.429633 0.414767 0.397160 0.376389 0.352007 0.323561 0.290639 0.252924 0.210288 0.162890 0.111291 0.056509 0.000000 1.000000 
1.000000 0.967746 0.935669 0.903946 0.872745 0.842228 0.812542 0.783827 0.756202 0.729775 0.704631 0.680842 0.658457 0.637512 0.618020 0.599984 0.583383 0.568192 0.554364 0.541849 0.530583 0.520500 0.511523 0.503577 0.496582 0.490458 0.485126 0.480510 0.476536 0.473133 0.470236 0.467783 0.465717 0.463988 0.462547 0.461355 0.460373 0.459569 0.458914 0.458384 0.457957 0.457615 0.457343 0.457127 0.456957 0.456824 0.456719 0.456638 0.456575 0.456526 0.456487 0.456456 0.456430 0.456408 0.456387 0.456366 0.456343 0.456316 0.456283 0.456242 0.456191 0.456124 0.456040 0.455931 0.455792 0.455616 0.455392 0.455109 0.454753 0.454306 0.453748 0.453054 0.452194 0.451131 0.449823 0.448219 0.446258 0.443871 0.440972 0.437465 0.433234 0.428147 0.422048 0.414760 0.406076 0.395766 0.383567 0.369189 0.352315 0.332615 0.309751 0.283409 0.253326 0.219346 0.181473 0.139940 0.095260 0.048252 0.000000 1.000000 
1.000000 0.965148 0.930488 0.896209 0.862496 0.829519 0.797444 0.766415 0.736567 0.708010 0.680842 0.655136 0.630950 0.608317 0.587257 0.567767 0.549831 0.533415 0.518475 0.504952 0.492780 0.481884 0.472186 0.463600 0.456042 0.449425 0.443665 0.438677 0.434383 0.430706 0.427576 0.424926 0.422694 0.420825 0.419270 0.417981 0.416921 0.416052 0.415345 0.414772 0.414311 0.413941 0.413647 0.413414 0.413230 0.413086 0.412974 0.412886 0.412818 0.412765 0.412723 0.412690 0.412662 0.412638 0.412616 0.412594 0.412570 0.412542 0.412509 0.412467 0.412414 0.412346 0.412259 0.412148 0.412007 0.411827 0.411599 0.411311 0.410949 0.410496 0.409931 0.409228 0.408359 0.407286 0.405970 0.404358 0.402394 0.400007 0.397119 0.393634 0.389447 0.384430 0.378444 0.371325 0.362892 0.352940 0.341246 0.327568 0.311653 0.293243 0.272093 0.247987 0.220771 0.190384 0.156903 0.120576 0.081854 0.041387 0.000000 1.000000 
1.000000 0.962703 0.925612 0.888930 0.852851 0.817563 0.783236 0.750033 0.718090 0.687532 0.658457 0.630950 0.605066 0.580848 0.558310 0.537455 0.518260 0.500695 0.484706 0.470236 0.457210 0.445552 0.435173 0.425987 0.417898 0.410818 0.404654 0.399317 0.394722 0.390789 0.387439 0.384603 0.382215 0.380216 0.378551 0.377173 0.376037 0.375108 0.374351 0.373739 0.373245 0.372850 0.372535 0.372286 0.372089 0.371935 0.371815 0.371721 0.371648 0.371592 0.371547 0.371512 0.371483 0.371457 0.371434 0.371411 0.371387 0.371359 0.371324 0.371282 0.371228 0.371160 0.371073 0.370961 0.370819 0.370639 0.370410 0.370122 0.369759 0.369306 0.368742 0.368042 0.367177 0.366113 0.364807 0.363214 0.361276 0.358929 0.356095 0.352688 0.348607 0.343740 0.337955 0.331110 0.323043 0.313581 0.302533 0.289704 0.274890 0.257898 0.238549 0.216704 0.192276 0.165267 0.135784 0.104066 0.070496 0.035596 0.000000 1.000000 
1.000000 0.960416 0.921050 0.882117 0.843827 0.806373 0.769943 0.734702 0.700801 0.668368 0.637512 0.608317 0.580848 0.555143 0.531225 0.509090 0.488720 0.470077 0.453110 0.437752 0.423929 0.411555 0.400542 0.390791 0.382208 0.374694 0.368153 0.362489 0.357613 0.353438 0.349884 0.346874 0.344341 0.342219 0.340452 0.338989 0.337785 0.336799 0.335996 0.335345 0.334822 0.334402 0.334069 0.333804 0.333596 0.333432 0.333304 0.333205 0.333128 0.333068 0.333021 0.332983 0.332953 0.332927 0.332903 0.332879 0.332854 0.332826 0.332792 0.332749 0.332696 0.332628 0.332541 0.332430 0.332290 0.332111 0.331885 0.331600 0.331242 0.330796 0.330241 0.329553 0.328704 0.327662 0.326387 0.324834 0.322949 0.320672 0.317931 0.314647 0.310727 0.306069 0.300557 0.294064 0.286452 0.277572 0.267267 0.255377 0.241746 0.226225 0.208691 0.189054 0.167277 0.143392 0.117519 0.089875 0.060782 0.030659 0.000000 1.000000 
1.000000 0.958287 0.916804 0.875779 0.835428 0.795962 0.757572 0.720437 0.684712 0.650537 0.618020 0.587257 0.558310 0.531225 0.506020 0.482697 0.461231 0.441587 0.423707 0.407525 0.392959 0.379922 0.368315 0.358042 0.348998 0.341081 0.334188 0.328221 0.323083 0.318684 0.314939 0.311768 0.309098 0.306863 0.305001 0.303460 0.302191 0.301152 0.300306 0.299621 0.299070 0.298628 0.298276 0.297997 0.297778 0.297606 0.297471 0.297367 0.297285 0.297222 0.297173 0.297134 0.297102 0.297075 0.297051 0.297027 0.297002 0.296973 0.296939 0.296897 0.296845 0.296778 0.296693 0.296584 0.296446 0.296272 0.296051 0.295773 0.295425 0.294990 0.294451 0.293784 0.292962 0.291955 0.290725 0.289230 0.287421 0.285241 0.282624 0.279498 0.275780 0.271379 0.266191 0.260108 0.253010 0.244773 0.235267 0.224365 0.211944 0.197897 0.182136 0.164609 0.145308 0.124283 0.101651 0.077606 0.052416 0.026417 0.000000 1.000000 
1.000000 0.956317 0.912876 0.869912 0.827657 0.786326 0.746124 0.707234 0.669824 0.634033 0.599984 0.567767 0.537455 0.509090 0.482697 0.458271 0.435794 0.415222 0.396500 0.379553 0.364301 0.350648 0.338495 0.327737 0.318267 0.309976 0.302759 0.296510 0.291130 0.286524 0.282603 0.279282 0.276487 0.274146 0.272198 0.270584 0.269255 0.268167 0.267282 0.266564 0.265987 0.265524 0.265156 0.264864 0.264634 0.264454 0.264313 0.264204 0.264119 0.264053 0.264002 0.263961 0.263928 0.263901 0.263876 0.263852 0.263827 0.263798 0.263765 0.263724 0.263673 0.263608 0.263526 0.263421 0.263287 0.263118 0.262905 0.262637 0.262302 0.261884 0.261366 0.260727 0.259941 0.258979 0.257807 0.256385 0.254669 0.252606 0.250137 0.247197 0.243712 0.239599 0.234773 0.229135 0.222588 0.215026 0.206345 0.196441 0.185224 0.172612 0.158547 0.143002 0.125986 0.107557 0.087824 0.066955 0.045174 0.022752 0.000000 1.000000 
1.000000 0.954504 0.909260 0.864513 0.820504 0.777458 0.735587 0.695085 0.656121 0.618847 0.583383 0.549831 0.518260 0.488720 0.461231 0.435794 0.412383 0.390960 0.371460 0.353812 0.337927 0.323709 0.311052 0.299849 0.289986 0.281352 0.273836 0.267329 0.261726 0.256930 0.252846 0.249389 0.246477 0.244040 0.242011 0.240330 0.238947 0.237814 0.236892 0.236145 0.235543 0.235062 0.234678 0.234375 0.234135 0.233948 0.233801 0.233688 0.233599 0.233531 0.233477 0.233435 0.233402 0.233373 0.233348 0.233324 0.233299 0.233272 0.233239 0.233200 0.233150 0.233088 0.233009 0.232908 0.232781 0.232619 0.232416 0.232160 0.231841 0.231444 0.230952 0.230346 0.229602 0.228694 0.227589 0.226252 0.224642 0.222711 0.220407 0.217671 0.214438 0.210637 0.206192 0.201021 0.195040 0.188163 0.180305 0.171387 0.161335 0.150095 0.137626 0.123918 0.108990 0.092902 0.075752 0.057685 0.038885 0.019574 0.000000 1.000000 
1.000000 0.952845 0.905950 0.859572 0.813958 0.769342 0.725945 0.683965 0.643582 0.604947 0.568192 0.533415 0.500695 0.470077 0.441587 0.415222 0.390960 0.368754 0.348546 0.330254 0.313791 0.299055 0.285938 0.274326 0.264105 0.255157 0.247368 0.240623 0.234818 0.229847 0.225615 0.222031 0.219015 0.216489 0.214386 0.212644 0.211211 0.210037 0.209081 0.208307 0.207684 0.207185 0.206788 0.206473 0.206225 0.206031 0.205879 0.205761 0.205670 0.205599 0.205544 0.205501 0.205466 0.205437 0.205412 0.205388 0.205364 0.205337 0.205306 0.205268 0.205221 0.205162 0.205086 0.204991 0.204870 0.204717 0.204525 0.204284 0.203983 0.203610 0.203148 0.202579 0.201883 0.201033 0.200003 0.198759 0.197263 0.195475 0.193346 0.190826 0.187857 0.184377 0.180322 0.175622 0.170208 0.164008 0.156955 0.148984 0.140044 0.130092 0.119105 0.107082 0.094048 0.080059 0.065204 0.049604 0.033413 0.016812 0.000000 1.000000 
1.000000 0.951335 0.902938 0.855075 0.807999 0.761955 0.717168 0.673845 0.632167 0.592297 0.554364 0.518475 0.484706 0.453110 0.423707 0.396500 0.371460 0.348546 0.327689 0.308814 0.291824 0.276618 0.263081 0.251099 0.240551 0.231317 0.223279 0.216320 0.210328 0.205199 0.200832 0.197135 0.194022 0.191416 0.189245 0.187449 0.185969 0.184758 0.183772 0.182973 0.182330 0.181816 0.181406 0.181081 0.180825 0.180625 0.180468 0.180347 0.180253 0.180180 0.180123 0.180079 0.180044 0.180015 0.179989 0.179966 0.179942 0.179916 0.179886 0.179850 0.179806 0.179750 0.179679 0.179589 0.179476 0.179333 0.179153 0.178928 0.178647 0.178299 0.177869 0.177342 0.176696 0.175910 0.174958 0.173811 0.172436 0.170795 0.168847 0.166547 0.163845 0.160689 0.157022 0.152788 0.147927 0.142382 0.136099 0.129028 0.121129 0.112374 0.102748 0.092257 0.080928 0.068813 0.055988 0.042559 0.028650 0.014410 0.000000 1.000000 
1.000000 0.949968 0.900212 0.851004 0.802607 0.755269 0.709224 0.664683 0.621837 0.580846 0.541849 0.504952 0.470236 0.437752 0.407525 0.379553 0.353812 0.330254 0.308814 0.289409 0.271944 0.256310 0.242395 0.230076 0.219234 0.209741 0.201478 0.194324 0.188165 0.182892 0.178403 0.174602 0.171403 0.168723 0.166493 0.164646 0.163125 0.161880 0.160867 0.160046 0.159385 0.158856 0.158434 0.158101 0.157838 0.157632 0.157471 0.157347 0.157250 0.157175 0.157117 0.157072 0.157036 0.157007 0.156982 0.156958 0.156935 0.156911 0.156882 0.156848 0.156807 0.156754 0.156688 0.156605 0.156500 0.156367 0.156200 0.155992 0.155733 0.155411 0.155015 0.154529 0.153936 0.153215 0.152345 0.151297 0.150044 0.148552 0.146785 0.144704 0.142268 0.139428 0.136141 0.132356 0.128027 0.123105 0.117548 0.111317 0.104384 0.096726 0.088338 0.079229 0.069426 0.058975 0.047944 0.036418 0.024504 0.012320 0.000000 1.000000 
1.000000 0.948737 0.897758 0.847340 0.797752 0.749251 0.702073 0.656438 0.612537 0.570540 0.530583 0.492780 0.457210 0.423929 0.392959 0.364301 0.337927 0.313791 0.291824 0.271944 0.254049 0.238033 0.223775 0.211156 0.200046 0.190322 0.181856 0.174527 0.168217 0.162816 0.158216 0.154323 0.151045 0.148300 0.146015 0.144123 0.142565 0.141290 0.140252 0.139411 0.138734 0.138192 0.137760 0.137419 0.137149 0.136938 0.136774 0.136646 0.136548 0.136471 0.136412 0.136366 0.136330 0.136300 0.136275 0.136252 0.136230 0.136206 0.136180 0.136148 0.136109 0.136061 0.136000 0.135923 0.135826 0.135704 0.135551 0.135360 0.135122 0.134828 0.134466 0.134024 0.133483 0.132829 0.132038 0.131090 0.129958 0.128613 0.127024 0.125158 0.122977 0.120445 0.117520 0.114164 0.110335 0.105998 0.101116 0.095661 0.089611 0.082952 0.075681 0.067811 0.059366 0.050387 0.040932 0.031074 0.020898 0.010505 0.000000 1.000000 
1.000000 0.947636 0.895561 0.844060 0.793407 0.743863 0.695673 0.649057 0.604214 0.561313 0.520500 0.481884 0.445552 0.411555 0.379922 0.350648 0.323709 0.299055 0.276618 0.256310 0.238033 0.221672 0.207111 0.194220 0.182874 0.172940 0.164294 0.156808 0.150363 0.144846 0.140149 0.136172 0.132824 0.130021 0.127687 0.125755 0.124164 0.122861 0.121801 0.120942 0.120251 0.119697 0.119257 0.118908 0.118633 0.118418 0.118250 0.118119 0.118019 0.117941 0.117881 0.117834 0.117797 0.117768 0.117743 0.117720 0.117699 0.117676 0.117651 0.117622 0.117586 0.117542 0.117486 0.117416 0.117327 0.117216 0.117076 0.116902 0.116687 0.116420 0.116093 0.115692 0.115205 0.114615 0.113904 0.113053 0.112039 0.110836 0.109419 0.107758 0.105823 0.103580 0.100998 0.098042 0.094681 0.090884 0.086624 0.081877 0.076629 0.070869 0.064600 0.057832 0.050589 0.042906 0.034833 0.026430 0.017768 0.008929 0.000000 1.000000 
1.000000 0.946656 0.893605 0.841140 0.789538 0.739068 0.689975 0.642487 0.596804 0.553101 0.511523 0.472186 0.435173 0.400542 0.368315 0.338495 0.311052 0.285938 0.263081 0.242395 0.223775 0.207111 0.192276 0.179146 0.167587 0.157470 0.148661 0.141036 0.134472 0.128852 0.124067 0.120017 0.116606 0.113751 0.111374 0.109406 0.107786 0.106459 0.105379 0.104504 0.103800 0.103236 0.102788 0.102432 0.102152 0.101933 0.101762 0.101629 0.101527 0.101448 0.101387 0.101340 0.101303 0.101273 0.101248 0.101226 0.101206 0.101185 0.101161 0.101134 0.101101 0.101061 0.101010 0.100946 0.100866 0.100765 0.100639 0.100483 0.100289 0.100049 0.099755 0.099396 0.098959 0.098432 0.097798 0.097040 0.096138 0.095072 0.093817 0.092351 0.090645 0.088675 0.086410 0.083826 0.080895 0.077592 0.073897 0.069792 0.065265 0.060311 0.054931 0.049139 0.042954 0.036408 0.029541 0.022404 0.015057 0.007565 0.000000 1.000000 
1.000000 0.945787 0.891874 0.838555 0.786114 0.734822 0.684931 0.636670 0.590245 0.545831 0.503577 0.463600 0.425987 0.390791 0.358042 0.327737 0.299849 0.274326 0.251099 0.230076 0.211156 0.194220 0.179146 0.165802 0.154057 0.143775 0.134825 0.127076 0.120406 0.114695 0.109833 0.105717 0.102252 0.099350 0.096935 0.094935 0.093289 0.091941 0.090843 0.089954 0.089239 0.088666 0.088210 0.08781.000000 0.943772 0.887854 0.832553 0.778162 0.724964 0.673218 0.623164 0.575013 0.528950 0.485126 0.443665 0.404654 0.368153 0.334188 0.302759 0.273836 0.247368 0.223279 0.201478 0.181856 0.164294 0.148661 0.134825 0.122645 0.111983 0.102702 0.094667 0.087750 0.081829 0.076788 0.072521 0.068928 0.065920 0.063416 0.061342 0.059635 0.058238 0.057100 0.056179 0.055438 0.054844 0.054371 0.053997 0.053702 0.053472 0.053292 0.053153 0.053045 0.052962 0.052899 0.052850 0.052813 0.052783 0.052760 0.052740 0.052723 0.052706 0.052689 0.052670 0.052649 0.052622 0.052590 0.052550 0.052500 0.052438 0.052361 0.052265 0.052147 0.052002 0.051825 0.051610 0.051351 0.051039 0.050667 0.050225 0.049702 0.049089 0.048372 0.047542 0.046583 0.045485 0.044233 0.042818 0.041226 0.039448 0.037477 0.035306 0.032932 0.030357 0.027582 0.024617 0.021473 0.018166 0.014716 0.011146 0.007484 0.003758 0.000000 1.000000 
1.000000 0.943268 0.886849 0.831051 0.776173 0.722497 0.670288 0.619784 0.571203 0.524726 0.480510 0.438677 0.399317 0.362489 0.328221 0.296510 0.267329 0.240623 0.216320 0.194324 0.174527 0.156808 0.141036 0.127076 0.114788 0.104031 0.094667 0.086561 0.079583 0.073609 0.068524 0.064218 0.060593 0.057559 0.055032 0.052941 0.051219 0.049809 0.048661 0.047732 0.046984 0.046385 0.045908 0.045531 0.045234 0.045001 0.044820 0.044679 0.044571 0.044487 0.044424 0.044375 0.044337 0.044308 0.044285 0.044265 0.044249 0.044233 0.044218 0.044201 0.044181 0.044158 0.044130 0.044095 0.044051 0.043997 0.043930 0.043847 0.043745 0.043619 0.043466 0.043281 0.043057 0.042788 0.042468 0.042088 0.041641 0.041115 0.040504 0.039795 0.038978 0.038044 0.036983 0.035783 0.034437 0.032936 0.031275 0.029449 0.027456 0.025296 0.022974 0.020495 0.017871 0.015113 0.012239 0.009268 0.006222 0.003124 0.000000 1.000000 
1.000000 0.942833 0.885982 0.829758 0.774460 0.720374 0.667764 0.616875 0.567921 0.521090 0.476536 0.434383 0.394722 0.357613 0.323083 0.291130 0.261726 0.234818 0.210328 0.188165 0.168217 0.150363 0.134472 0.120406 0.108024 0.097185 0.087750 0.079583 0.072552 0.066533 0.061409 0.057071 0.053419 0.050361 0.047816 0.045708 0.043973 0.042553 0.041397 0.040461 0.039707 0.039104 0.038623 0.038243 0.037944 0.037709 0.037526 0.037385 0.037276 0.037192 0.037128 0.037079 0.037041 0.037012 0.036989 0.036970 0.036954 0.036940 0.036925 0.036910 0.036893 0.036873 0.036848 0.036817 0.036780 0.036733 0.036675 0.036603 0.036515 0.036408 0.036276 0.036117 0.035925 0.035696 0.035422 0.035099 0.034717 0.034271 0.033751 0.033150 0.032459 0.031670 0.030774 0.029764 0.028632 0.027373 0.025980 0.024453 0.022787 0.020986 0.019051 0.016990 0.014808 0.012520 0.010136 0.007674 0.005151 0.002586 0.000000 1.000000 
1.000000 0.942462 0.885241 0.828651 0.772993 0.718555 0.665604 0.614384 0.565112 0.517976 0.473133 0.430706 0.390789 0.353438 0.318684 0.286524 0.256930 0.229847 0.205199 0.182892 0.162816 0.144846 0.128852 0.114695 0.102233 0.091325 0.081829 0.073609 0.066533 0.060475 0.055318 0.050952 0.047277 0.044200 0.041638 0.039517 0.037771 0.036342 0.035178 0.034236 0.033477 0.032870 0.032387 0.032004 0.031703 0.031467 0.031283 0.031141 0.031031 0.030947 0.030882 0.030833 0.030796 0.030767 0.030744 0.030726 0.030710 0.030697 0.030683 0.030670 0.030654 0.030637 0.030615 0.030589 0.030556 0.030516 0.030467 0.030405 0.030330 0.030238 0.030126 0.029990 0.029828 0.029632 0.029400 0.029126 0.028803 0.028426 0.027988 0.027481 0.026900 0.026237 0.025486 0.024640 0.023694 0.022642 0.021482 0.020210 0.018827 0.017332 0.015728 0.014021 0.012217 0.010326 0.008358 0.006326 0.004246 0.002131 0.000000 1.000000 
1.000000 0.942145 0.884610 0.827708 0.771744 0.717007 0.663765 0.612263 0.562720 0.515326 0.470236 0.427576 0.387439 0.349884 0.314939 0.282603 0.252846 0.225615 0.200832 0.178403 0.158216 0.140149 0.124067 0.109833 0.097303 0.086336 0.076788 0.068524 0.061409 0.055318 0.050133 0.045744 0.042048 0.038954 0.036379 0.034247 0.032491 0.031054 0.029884 0.028937 0.028174 0.027564 0.027078 0.026693 0.026390 0.026153 0.025968 0.025825 0.025715 0.025631 0.025566 0.025517 0.025479 0.025450 0.025428 0.025410 0.025395 0.025382 0.025370 0.025357 0.025344 0.025328 0.025310 0.025287 0.025260 0.025225 0.025183 0.025131 0.025067 0.024989 0.024894 0.024780 0.024642 0.024477 0.024282 0.024051 0.023779 0.023463 0.023095 0.022671 0.022185 0.021632 0.021005 0.020301 0.019515 0.018642 0.017680 0.016627 0.015483 0.014248 0.012925 0.011519 0.010034 0.008479 0.006861 0.005193 0.003484 0.001749 0.000000 1.000000 
1.000000 0.941877 0.884075 0.826910 0.770687 0.715696 0.662207 0.610467 0.560695 0.513081 0.467783 0.424926 0.384603 0.346874 0.311768 0.279282 0.249389 0.222031 0.197135 0.174602 0.154323 0.136172 0.120017 0.105717 0.093130 0.082112 0.072521 0.064218 0.057071 0.050952 0.045744 0.041334 0.037622 0.034514 0.031927 0.029785 0.028021 0.026578 0.025402 0.024451 0.023685 0.023072 0.022584 0.022197 0.021893 0.021655 0.021469 0.021326 0.021215 0.021130 0.021065 0.021016 0.020978 0.020949 0.020927 0.020910 0.020895 0.020883 0.020872 0.020861 0.020849 0.020835 0.020819 0.020800 0.020776 0.020747 0.020712 0.020668 0.020614 0.020548 0.020468 0.020372 0.020256 0.020118 0.019954 0.019761 0.019535 0.019270 0.018964 0.018611 0.018207 0.017748 0.017229 0.016646 0.015996 0.015275 0.014482 0.013615 0.012674 0.011659 0.010574 0.009420 0.008204 0.006930 0.005607 0.004243 0.002847 0.001429 0.000000 1.000000 
1.000000 0.941651 0.883625 0.826238 0.769797 0.714592 0.660896 0.608955 0.558990 0.511191 0.465717 0.422694 0.382215 0.344341 0.309098 0.276487 0.246477 0.219015 0.194022 0.171403 0.151045 0.132824 0.116606 0.102252 0.089616 0.078556 0.068928 0.060593 0.053419 0.047277 0.042048 0.037622 0.033895 0.030776 0.028179 0.026028 0.024258 0.022809 0.021629 0.020674 0.019906 0.019290 0.018800 0.018412 0.018107 0.017868 0.017682 0.017537 0.017426 0.017341 0.017276 0.017227 0.017189 0.017161 0.017139 0.017121 0.017108 0.017096 0.017085 0.017075 0.017065 0.017053 0.017039 0.017023 0.017003 0.016979 0.016948 0.016912 0.016866 0.016811 0.016745 0.016664 0.016568 0.016453 0.016317 0.016156 0.015968 0.015749 0.015495 0.015203 0.014869 0.014490 0.014063 0.013583 0.013048 0.012456 0.011806 0.011096 0.010325 0.009496 0.008609 0.007668 0.006676 0.005639 0.004561 0.003451 0.002315 0.001162 0.000000 1.000000 
1.000000 0.941462 0.883248 0.825675 0.769051 0.713668 0.659798 0.607689 0.557562 0.509608 0.463988 0.420825 0.380216 0.342219 0.306863 0.274146 0.244040 0.216489 0.191416 0.168723 0.148300 0.130021 0.113751 0.099350 0.086674 0.075579 0.065920 0.057559 0.050361 0.044200 0.038954 0.034514 0.030776 0.027646 0.025041 0.022884 0.021108 0.019654 0.018471 0.017513 0.016742 0.016124 0.015633 0.015244 0.014937 0.014698 0.014511 0.014366 0.014255 0.014170 0.014104 0.014055 0.014017 0.013989 0.013967 0.013950 0.013937 0.013926 0.013916 0.013907 0.013897 0.013887 0.013875 0.013862 0.013845 0.013824 0.013799 0.013768 0.013731 0.013685 0.013630 0.013563 0.013483 0.013388 0.013275 0.013142 0.012987 0.012806 0.012598 0.012358 0.012084 0.011773 0.011422 0.011029 0.010592 0.010109 0.009578 0.008999 0.008372 0.007698 0.006977 0.006213 0.005408 0.004567 0.003694 0.002794 0.001874 0.000941 0.000000 1.000000 
1.000000 0.941305 0.882934 0.825206 0.768430 0.712898 0.658883 0.606635 0.556373 0.508291 0.462547 0.419270 0.378551 0.340452 0.305001 0.272198 0.242011 0.214386 0.189245 0.166493 0.146015 0.127687 0.111374 0.096935 0.084225 0.073100 0.063416 0.055032 0.047816 0.041638 0.036379 0.031927 0.028179 0.025041 0.022428 0.020266 0.018486 0.017028 0.015842 0.014881 0.014108 0.013489 0.012996 0.012606 0.012299 0.012058 0.011871 0.011726 0.011615 0.011529 0.011464 0.011414 0.011377 0.011348 0.011327 0.011310 0.011297 0.011286 0.011277 0.011269 0.011261 0.011252 0.011242 0.011230 0.011216 0.011199 0.011178 0.011153 0.011121 0.011084 0.011038 0.010983 0.010917 0.010839 0.010746 0.010637 0.010510 0.010362 0.010191 0.009995 0.009771 0.009517 0.009231 0.008912 0.008556 0.008164 0.007733 0.007264 0.006756 0.006210 0.005627 0.005010 0.004360 0.003681 0.002977 0.002252 0.001510 0.000758 0.000000 1.000000 
1.000000 0.941175 0.882674 0.824818 0.767916 0.712261 0.658126 0.605761 0.555389 0.507200 0.461355 0.417981 0.377173 0.338989 0.303460 0.270584 0.240330 0.212644 0.187449 0.164646 0.144123 0.125755 0.109406 0.094935 0.082198 0.071048 0.061342 0.052941 0.045708 0.039517 0.034247 0.029785 0.026028 0.022884 0.020266 0.018099 0.016315 0.014854 0.013665 0.012702 0.011927 0.011307 0.010813 0.010422 0.010114 0.009874 0.009686 0.009541 0.009429 0.009343 0.009278 0.009228 0.009191 0.009162 0.009141 0.009125 0.009112 0.009102 0.009093 0.009085 0.009078 0.009070 0.009062 0.009052 0.009040 0.009026 0.009009 0.008988 0.008962 0.008931 0.008894 0.008849 0.008795 0.008731 0.008655 0.008566 0.008462 0.008342 0.008203 0.008043 0.007861 0.007656 0.007424 0.007165 0.006878 0.006561 0.006213 0.005835 0.005425 0.004986 0.004517 0.004021 0.003498 0.002953 0.002388 0.001806 0.001211 0.000608 0.000000 1.000000 
1.000000 0.941067 0.882460 0.824499 0.767493 0.711736 0.657503 0.605043 0.554578 0.506301 0.460373 0.416921 0.376037 0.337785 0.302191 0.269255 0.238947 0.211211 0.185969 0.163125 0.142565 0.124164 0.107786 0.093289 0.080528 0.069358 0.059635 0.051219 0.043973 0.037771 0.032491 0.028021 0.024258 0.021108 0.018486 0.016315 0.014527 0.013064 0.011873 0.010908 0.010132 0.009511 0.009016 0.008624 0.008316 0.008075 0.007887 0.007742 0.007630 0.007544 0.007478 0.007429 0.007391 0.007363 0.007342 0.007325 0.007313 0.007303 0.007295 0.007288 0.007281 0.007275 0.007267 0.007259 0.007249 0.007238 0.007223 0.007206 0.007185 0.007160 0.007129 0.007093 0.007049 0.006997 0.006935 0.006863 0.006779 0.006681 0.006569 0.006440 0.006293 0.006127 0.005941 0.005732 0.005501 0.005246 0.004967 0.004664 0.004335 0.003983 0.003608 0.003211 0.002794 0.002358 0.001906 0.001442 0.000967 0.000485 0.000000 1.000000 
1.000000 0.940979 0.882285 0.824237 0.767146 0.711306 0.656992 0.604454 0.553914 0.505566 0.459569 0.416052 0.375108 0.336799 0.301152 0.268167 0.237814 0.210037 0.184758 0.161880 0.141290 0.122861 0.106459 0.091941 0.079161 0.067975 0.058238 0.049809 0.042553 0.036342 0.031054 0.026578 0.022809 0.019654 0.017028 0.014854 0.013064 0.011599 0.010406 0.009440 0.008663 0.008040 0.007545 0.007153 0.006844 0.006602 0.006414 0.006269 0.006157 0.006071 0.006005 0.005956 0.005918 0.005890 0.005869 0.005853 0.005840 0.005831 0.005823 0.005816 0.005810 0.005805 0.005798 0.005791 0.005783 0.005774 0.005762 0.005748 0.005731 0.005711 0.005686 0.005656 0.005621 0.005579 0.005529 0.005471 0.005403 0.005324 0.005234 0.005130 0.005013 0.004880 0.004730 0.004563 0.004378 0.004174 0.003952 0.003709 0.003448 0.003167 0.002868 0.002552 0.002220 0.001873 0.001514 0.001145 0.000768 0.000385 0.000000 1.000000 
1.000000 0.940908 0.882142 0.824024 0.766864 0.710956 0.656576 0.603974 0.553373 0.504967 0.458914 0.415345 0.374351 0.335996 0.300306 0.267282 0.236892 0.209081 0.183772 0.160867 0.140252 0.121801 0.105379 0.090843 0.078049 0.066849 0.057100 0.048661 0.041397 0.035178 0.029884 0.025402 0.021629 0.018471 0.015842 0.013665 0.011873 0.010406 0.009211 0.008245 0.007466 0.006843 0.006347 0.005955 0.005646 0.005404 0.005215 0.005070 0.004957 0.004872 0.004806 0.004756 0.004719 0.004691 0.004670 0.004654 0.004642 0.004632 0.004625 0.004619 0.004613 0.004608 0.004603 0.004597 0.004590 0.004582 0.004573 0.004562 0.004548 0.004531 0.004511 0.004487 0.004459 0.004425 0.004385 0.004339 0.004284 0.004222 0.004149 0.004066 0.003972 0.003866 0.003747 0.003614 0.003467 0.003305 0.003128 0.002936 0.002728 0.002506 0.002269 0.002018 0.001755 0.001481 0.001197 0.000905 0.000607 0.000305 0.000000 1.000000 
1.000000 0.940850 0.882027 0.823852 0.766635 0.710673 0.656240 0.603586 0.552936 0.504481 0.458384 0.414772 0.373739 0.335345 0.299621 0.266564 0.236145 0.208307 0.182973 0.160046 0.139411 0.120942 0.104504 0.089955 0.077148 0.065937 0.056179 0.047732 0.040461 0.034236 0.028937 0.024451 0.020674 0.017513 0.014881 0.012702 0.010908 0.009440 0.008245 0.007277 0.006498 0.005874 0.005378 0.004985 0.004676 0.004433 0.004245 0.004099 0.003987 0.003901 0.003835 0.003786 0.003748 0.003720 0.003699 0.003683 0.003671 0.003662 0.003655 0.003649 0.003644 0.003639 0.003635 0.003630 0.003624 0.003618 0.003610 0.003601 0.003590 0.003577 0.003561 0.003542 0.003519 0.003492 0.003460 0.003423 0.003380 0.003330 0.003272 0.003207 0.003132 0.003048 0.002953 0.002848 0.002732 0.002604 0.002464 0.002312 0.002148 0.001972 0.001786 0.001588 0.001381 0.001165 0.000942 0.000712 0.000477 0.000240 0.000000 1.000000 
1.000000 0.940803 0.881934 0.823713 0.766451 0.710445 0.655969 0.603274 0.552583 0.504091 0.457957 0.414311 0.373245 0.334822 0.299070 0.265987 0.235543 0.207684 0.182330 0.159385 0.138734 0.120251 0.103800 0.089239 0.076422 0.065203 0.055438 0.046984 0.039707 0.033477 0.028174 0.023685 0.019906 0.016742 0.014108 0.011927 0.010132 0.008663 0.007466 0.006498 0.005718 0.005094 0.004597 0.004204 0.003895 0.003652 0.003464 0.003318 0.003205 0.003119 0.003054 0.003004 0.002967 0.002939 0.002918 0.002902 0.002890 0.002881 0.002874 0.002869 0.002864 0.002860 0.002856 0.002852 0.002847 0.002842 0.002836 0.002828 0.002820 0.002809 0.002796 0.002781 0.002763 0.002742 0.002716 0.002687 0.002653 0.002613 0.002568 0.002516 0.002457 0.002390 0.002316 0.002233 0.002141 0.002041 0.001931 0.001811 0.001683 0.001545 0.001398 0.001244 0.001081 0.000912 0.000737 0.000557 0.000374 0.000188 0.000000 1.000000 
1.000000 0.940766 0.881859 0.823601 0.766304 0.710262 0.655752 0.603023 0.552301 0.503778 0.457615 0.413941 0.372850 0.334403 0.298628 0.265524 0.235062 0.207185 0.181816 0.158856 0.138192 0.119698 0.103237 0.088666 0.075842 0.064616 0.054844 0.046385 0.039104 0.032870 0.027564 0.023072 0.019290 0.016124 0.013489 0.011307 0.009511 0.008040 0.006843 0.005874 0.005094 0.004470 0.003973 0.003579 0.003269 0.003027 0.002838 0.002692 0.002580 0.002494 0.002428 0.002379 0.002341 0.002313 0.002292 0.002276 0.002265 0.002256 0.002249 0.002244 0.002240 0.002236 0.002232 0.002229 0.002225 0.002221 0.002216 0.002210 0.002203 0.002194 0.002184 0.002172 0.002158 0.002141 0.002121 0.002098 0.002071 0.002040 0.002004 0.001963 0.001917 0.001865 0.001807 0.001742 0.001670 0.001591 0.001505 0.001412 0.001311 0.001204 0.001090 0.000969 0.000842 0.000711 0.000574 0.000434 0.000291 0.000146 0.000000 1.000000 
1.000000 0.940736 0.881800 0.823513 0.766186 0.710117 0.655579 0.602824 0.552076 0.503529 0.457343 0.413647 0.372535 0.334069 0.298276 0.265156 0.234679 0.206788 0.181406 0.158435 0.137761 0.119257 0.102788 0.088210 0.075379 0.064148 0.054371 0.045908 0.038623 0.032387 0.027078 0.022584 0.018800 0.015633 0.012996 0.010813 0.009016 0.007545 0.006347 0.005378 0.004597 0.003973 0.003475 0.003082 0.002772 0.002529 0.002340 0.002194 0.002082 0.001996 0.001930 0.001881 0.001843 0.001815 0.001794 0.001779 0.001767 0.001758 0.001752 0.001747 0.001742 0.001739 0.001736 0.001733 0.001730 0.001726 0.001722 0.001718 0.001712 0.001705 0.001697 0.001688 0.001677 0.001664 0.001648 0.001630 0.001609 0.001584 0.001556 0.001525 0.001488 0.001448 0.001402 0.001352 0.001296 0.001235 0.001168 0.001095 0.001017 0.000934 0.000845 0.000751 0.000653 0.000551 0.000445 0.000336 0.000226 0.000113 0.000000 1.000000 
1.000000 0.940713 0.881753 0.823442 0.766093 0.710001 0.655442 0.602666 0.551898 0.503331 0.457127 0.413414 0.372286 0.333804 0.297998 0.264864 0.234375 0.206473 0.181081 0.158101 0.137419 0.118908 0.102432 0.087849 0.075013 0.063778 0.053997 0.045531 0.038243 0.032004 0.026693 0.022197 0.018412 0.015244 0.012606 0.010422 0.008624 0.007153 0.005955 0.004985 0.004204 0.003579 0.003082 0.002688 0.002378 0.002135 0.001946 0.001800 0.001688 0.001602 0.001536 0.001486 0.001449 0.001421 0.001400 0.001384 0.001373 0.001364 0.001358 0.001353 0.001349 0.001346 0.001343 0.001340 0.001338 0.001335 0.001332 0.001328 0.001324 0.001318 0.001312 0.001305 0.001296 0.001286 0.001274 0.001259 0.001243 0.001224 0.001202 0.001178 0.001150 0.001118 0.001083 0.001044 0.001000 0.000953 0.000901 0.000845 0.000785 0.000720 0.000652 0.000579 0.000504 0.000425 0.000343 0.000259 0.000174 0.000087 0.000000 1.000000 
1.000000 0.940694 0.881716 0.823387 0.766020 0.709910 0.655334 0.602542 0.551758 0.503176 0.456957 0.413231 0.372090 0.333596 0.297778 0.264635 0.234136 0.206225 0.180826 0.157838 0.137150 0.118633 0.102152 0.087565 0.074725 0.063486 0.053703 0.045234 0.037944 0.031703 0.026390 0.021893 0.018107 0.014937 0.012299 0.010114 0.008316 0.006844 0.005646 0.004676 0.003895 0.003269 0.002772 0.002378 0.002068 0.001825 0.001636 0.001490 0.001377 0.001291 0.001226 0.001176 0.001139 0.001111 0.001090 0.001074 0.001063 0.001054 0.001048 0.001043 0.001039 0.001036 0.001034 0.001032 0.001029 0.001027 0.001024 0.001022 0.001018 0.001014 0.001009 0.001003 0.000997 0.000989 0.000979 0.000968 0.000956 0.000941 0.000924 0.000905 0.000883 0.000859 0.000832 0.000802 0.000768 0.000732 0.000692 0.000649 0.000602 0.000553 0.000500 0.000445 0.000386 0.000326 0.000263 0.000199 0.000133 0.000067 0.000000 1.000000 
1.000000 0.940679 0.881686 0.823344 0.765963 0.709839 0.655249 0.602444 0.551648 0.503054 0.456824 0.413087 0.371936 0.333433 0.297606 0.264455 0.233948 0.206031 0.180625 0.157632 0.136939 0.118418 0.101933 0.087342 0.074499 0.063258 0.053472 0.045001 0.037709 0.031467 0.026153 0.021655 0.017868 0.014698 0.012058 0.009874 0.008075 0.006602 0.005404 0.004433 0.003652 0.003027 0.002529 0.002135 0.001825 0.001582 0.001393 0.001247 0.001135 0.001048 0.000983 0.000933 0.000896 0.000868 0.000847 0.000832 0.000820 0.000812 0.000805 0.000801 0.000797 0.000794 0.000792 0.000790 0.000788 0.000786 0.000784 0.000782 0.000779 0.000776 0.000772 0.000768 0.000762 0.000756 0.000749 0.000740 0.000731 0.000719 0.000706 0.000692 0.000675 0.000656 0.000636 0.000612 0.000587 0.000559 0.000528 0.000495 0.000460 0.000422 0.000382 0.000339 0.000295 0.000249 0.000201 0.000152 0.000102 0.000051 0.000000 1.000000 
1.000000 0.940668 0.881664 0.823310 0.765918 0.709783 0.655183 0.602368 0.551562 0.502959 0.456720 0.412974 0.371816 0.333305 0.297472 0.264314 0.233802 0.205880 0.180469 0.157472 0.136775 0.118250 0.101762 0.087169 0.074324 0.063080 0.053292 0.044820 0.037527 0.031283 0.025969 0.021469 0.017682 0.014511 0.011871 0.009686 0.007887 0.006414 0.005216 0.004245 0.003464 0.002838 0.002340 0.001946 0.001636 0.001393 0.001204 0.001058 0.000946 0.000859 0.000794 0.000744 0.000707 0.000679 0.000658 0.000643 0.000631 0.000623 0.000616 0.000612 0.000608 0.000606 0.000604 0.000602 0.000600 0.000598 0.000597 0.000595 0.000593 0.000590 0.000587 0.000584 0.000580 0.000575 0.000570 0.000563 0.000556 0.000547 0.000537 0.000526 0.000513 0.000499 0.000483 0.000466 0.000446 0.000425 0.000402 0.000376 0.000349 0.000321 0.000290 0.000258 0.000224 0.000189 0.000153 0.000115 0.000077 0.000039 0.000000 1.000000 
